"FREQ","Vout"
1000,-51.3874
1023.292992,-51.1874
1047.128548,-50.9874
1071.519305,-50.7874
1096.478196,-50.5875
1122.018454,-50.3875
1148.153621,-50.1875
1174.897555,-49.9875
1202.264435,-49.7875
1230.268771,-49.5875
1258.925412,-49.3875
1288.249552,-49.1875
1318.256739,-48.9875
1348.962883,-48.7876
1380.384265,-48.5876
1412.537545,-48.3876
1445.439771,-48.1876
1479.108388,-47.9876
1513.561248,-47.7876
1548.816619,-47.5877
1584.893192,-47.3877
1621.810097,-47.1877
1659.586907,-46.9877
1698.243652,-46.7877
1737.800829,-46.5878
1778.27941,-46.3878
1819.700859,-46.1878
1862.087137,-45.9878
1905.460718,-45.7879
1949.8446,-45.5879
1995.262315,-45.3879
2041.737945,-45.188
2089.296131,-44.988
2137.96209,-44.788
2187.761624,-44.5881
2238.721139,-44.3881
2290.867653,-44.1881
2344.228815,-43.9882
2398.832919,-43.7882
2454.708916,-43.5883
2511.886432,-43.3883
2570.395783,-43.1884
2630.267992,-42.9884
2691.534804,-42.7885
2754.228703,-42.5885
2818.382931,-42.3886
2884.031503,-42.1887
2951.209227,-41.9887
3019.95172,-41.7888
3090.295433,-41.5889
3162.27766,-41.3889
3235.936569,-41.189
3311.311215,-40.9891
3388.441561,-40.7892
3467.368505,-40.5893
3548.133892,-40.3894
3630.780548,-40.1895
3715.352291,-39.9896
3801.893963,-39.7897
3890.45145,-39.5898
3981.071706,-39.3899
4073.802778,-39.19
4168.693835,-38.9902
4265.795188,-38.7903
4365.158322,-38.5905
4466.835922,-38.3906
4570.881896,-38.1908
4677.351413,-37.9909
4786.300923,-37.7911
4897.788194,-37.5913
5011.872336,-37.3915
5128.61384,-37.1917
5248.074602,-36.9919
5370.317964,-36.7921
5495.408739,-36.5923
5623.413252,-36.3926
5754.399373,-36.1928
5888.436554,-35.9931
6025.595861,-35.7933
6165.950019,-35.5936
6309.573445,-35.3939
6456.54229,-35.1942
6606.93448,-34.9946
6760.829754,-34.7949
6918.309709,-34.5953
7079.457844,-34.3957
7244.359601,-34.1961
7413.102413,-33.9965
7585.77575,-33.7969
7762.471166,-33.5974
7943.282347,-33.3978
8128.305162,-33.1983
8317.637711,-32.9989
8511.380382,-32.7994
8709.6359,-32.6
8912.509381,-32.4006
9120.108394,-32.2012
9332.543008,-32.0019
9549.92586,-31.8025
9772.37221,-31.6033
10000,-31.404
10232.92992,-31.2048
10471.28548,-31.0056
10715.19305,-30.8065
10964.78196,-30.6074
11220.18454,-30.4083
11481.53621,-30.2093
11748.97555,-30.0104
12022.64435,-29.8115
12302.68771,-29.6126
12589.25412,-29.4138
12882.49552,-29.215
13182.56739,-29.0163
13489.62883,-28.8177
13803.84265,-28.6191
14125.37545,-28.4206
14454.39771,-28.2222
14791.08388,-28.0238
15135.61248,-27.8255
15488.16619,-27.6273
15848.93192,-27.4292
16218.10097,-27.2312
16595.86907,-27.0333
16982.43652,-26.8354
17378.00829,-26.6377
17782.7941,-26.44
18197.00859,-26.2425
18620.87137,-26.0451
19054.60718,-25.8478
19498.446,-25.6506
19952.62315,-25.4536
20417.37945,-25.2567
20892.96131,-25.0599
21379.6209,-24.8633
21877.61624,-24.6669
22387.21139,-24.4706
22908.67653,-24.2745
23442.28815,-24.0786
23988.32919,-23.8828
24547.08916,-23.6873
25118.86432,-23.4919
25703.95783,-23.2968
26302.67992,-23.1019
26915.34804,-22.9072
27542.28703,-22.7128
28183.82931,-22.5186
28840.31503,-22.3247
29512.09227,-22.1311
30199.5172,-21.9378
30902.95433,-21.7447
31622.7766,-21.552
32359.36569,-21.3596
33113.11215,-21.1676
33884.41561,-20.9759
34673.68505,-20.7846
35481.33892,-20.5937
36307.80548,-20.4032
37153.52291,-20.2131
38018.93963,-20.0235
38904.5145,-19.8343
39810.71706,-19.6456
40738.02778,-19.4574
41686.93835,-19.2698
42657.95188,-19.0826
43651.58322,-18.8961
44668.35922,-18.7101
45708.81896,-18.5248
46773.51413,-18.3401
47863.00923,-18.156
48977.88194,-17.9727
50118.72336,-17.79
51286.1384,-17.6081
52480.74602,-17.427
53703.17964,-17.2467
54954.08739,-17.0672
56234.13252,-16.8886
57543.99373,-16.7109
58884.36554,-16.5341
60255.95861,-16.3583
61659.50019,-16.1835
63095.73445,-16.0097
64565.4229,-15.837
66069.3448,-15.6654
67608.29754,-15.4949
69183.09709,-15.3256
70794.57844,-15.1576
72443.59601,-14.9908
74131.02413,-14.8253
75857.7575,-14.6611
77624.71166,-14.4984
79432.82347,-14.337
81283.05162,-14.1771
83176.37711,-14.0188
85113.80382,-13.8619
87096.359,-13.7067
89125.09381,-13.5531
91201.08394,-13.4012
93325.43008,-13.251
95499.2586,-13.1025
97723.7221,-12.9558
100000,-12.811
102329.2992,-12.6681
104712.8548,-12.5271
107151.9305,-12.388
109647.8196,-12.2509
112201.8454,-12.1159
114815.3621,-11.9829
117489.7555,-11.852
120226.4435,-11.7232
123026.8771,-11.5966
125892.5412,-11.4722
128824.9552,-11.3501
131825.6739,-11.2301
134896.2883,-11.1125
138038.4265,-10.9971
141253.7545,-10.884
144543.9771,-10.7733
147910.8388,-10.6649
151356.1248,-10.5588
154881.6619,-10.4552
158489.3192,-10.3539
162181.0097,-10.255
165958.6907,-10.1585
169824.3652,-10.0644
173780.0829,-9.97268
177827.941,-9.88336
181970.0859,-9.79643
186208.7137,-9.71188
190546.0718,-9.6297
194984.46,-9.54989
199526.2315,-9.47243
204173.7945,-9.39731
208929.6131,-9.32451
213796.209,-9.25402
218776.1624,-9.1858
223872.1139,-9.11986
229086.7653,-9.05615
234422.8815,-8.99467
239883.2919,-8.93538
245470.8916,-8.87826
251188.6432,-8.82328
257039.5783,-8.77042
263026.7992,-8.71965
269153.4804,-8.67093
275422.8703,-8.62426
281838.2931,-8.57958
288403.1503,-8.53688
295120.9227,-8.49613
301995.172,-8.4573
309029.5433,-8.42036
316227.766,-8.38528
323593.6569,-8.35203
331131.1215,-8.3206
338844.1561,-8.29095
346736.8505,-8.26305
354813.3892,-8.23689
363078.0548,-8.21244
371535.2291,-8.18968
380189.3963,-8.16858
389045.145,-8.14913
398107.1706,-8.1313
407380.2778,-8.11508
416869.3835,-8.10046
426579.5188,-8.08742
436515.8322,-8.07594
446683.5922,-8.06602
457088.1896,-8.05763
467735.1413,-8.05078
478630.0923,-8.04546
489778.8194,-8.04166
501187.2336,-8.03938
512861.384,-8.03861
524807.4602,-8.03935
537031.7964,-8.04161
549540.8739,-8.04539
562341.3252,-8.05069
575439.9373,-8.05751
588843.6554,-8.06587
602559.5861,-8.07577
616595.0019,-8.08722
630957.3445,-8.10024
645654.229,-8.11484
660693.448,-8.13103
676082.9754,-8.14883
691830.9709,-8.16825
707945.7844,-8.18932
724435.9601,-8.21206
741310.2413,-8.23649
758577.575,-8.26262
776247.1166,-8.29049
794328.2347,-8.32011
812830.5162,-8.35152
831763.7711,-8.38473
851138.0382,-8.41978
870963.59,-8.45669
891250.9381,-8.4955
912010.8394,-8.53622
933254.3008,-8.57888
954992.586,-8.62353
977237.221,-8.67017
1000000,-8.71885
