"FREQ","Vout"
1000,-58.2444
1023.292992,-58.0444
1047.128548,-57.8444
1071.519305,-57.6444
1096.478196,-57.4444
1122.018454,-57.2444
1148.153621,-57.0444
1174.897555,-56.8444
1202.264435,-56.6444
1230.268771,-56.4444
1258.925412,-56.2444
1288.249552,-56.0444
1318.256739,-55.8444
1348.962883,-55.6444
1380.384265,-55.4444
1412.537545,-55.2444
1445.439771,-55.0444
1479.108388,-54.8444
1513.561248,-54.6444
1548.816619,-54.4444
1584.893192,-54.2444
1621.810097,-54.0444
1659.586907,-53.8444
1698.243652,-53.6444
1737.800829,-53.4444
1778.27941,-53.2444
1819.700859,-53.0444
1862.087137,-52.8444
1905.460718,-52.6444
1949.8446,-52.4444
1995.262315,-52.2444
2041.737945,-52.0444
2089.296131,-51.8444
2137.96209,-51.6444
2187.761624,-51.4444
2238.721139,-51.2444
2290.867653,-51.0444
2344.228815,-50.8444
2398.832919,-50.6444
2454.708916,-50.4444
2511.886432,-50.2444
2570.395783,-50.0444
2630.267992,-49.8444
2691.534804,-49.6444
2754.228703,-49.4445
2818.382931,-49.2445
2884.031503,-49.0445
2951.209227,-48.8445
3019.95172,-48.6445
3090.295433,-48.4445
3162.27766,-48.2445
3235.936569,-48.0445
3311.311215,-47.8445
3388.441561,-47.6445
3467.368505,-47.4445
3548.133892,-47.2445
3630.780548,-47.0445
3715.352291,-46.8445
3801.893963,-46.6445
3890.45145,-46.4445
3981.071706,-46.2445
4073.802778,-46.0445
4168.693835,-45.8445
4265.795188,-45.6445
4365.158322,-45.4445
4466.835922,-45.2445
4570.881896,-45.0445
4677.351413,-44.8445
4786.300923,-44.6445
4897.788194,-44.4446
5011.872336,-44.2446
5128.61384,-44.0446
5248.074602,-43.8446
5370.317964,-43.6446
5495.408739,-43.4446
5623.413252,-43.2446
5754.399373,-43.0446
5888.436554,-42.8446
6025.595861,-42.6446
6165.950019,-42.4446
6309.573445,-42.2447
6456.54229,-42.0447
6606.93448,-41.8447
6760.829754,-41.6447
6918.309709,-41.4447
7079.457844,-41.2447
7244.359601,-41.0447
7413.102413,-40.8448
7585.77575,-40.6448
7762.471166,-40.4448
7943.282347,-40.2448
8128.305162,-40.0448
8317.637711,-39.8449
8511.380382,-39.6449
8709.6359,-39.4449
8912.509381,-39.2449
9120.108394,-39.0449
9332.543008,-38.845
9549.92586,-38.645
9772.37221,-38.445
10000,-38.2451
10232.92992,-38.0451
10471.28548,-37.8451
10715.19305,-37.6451
10964.78196,-37.4452
11220.18454,-37.2452
11481.53621,-37.0453
11748.97555,-36.8453
12022.64435,-36.6453
12302.68771,-36.4454
12589.25412,-36.2454
12882.49552,-36.0455
13182.56739,-35.8455
13489.62883,-35.6456
13803.84265,-35.4456
14125.37545,-35.2457
14454.39771,-35.0458
14791.08388,-34.8458
15135.61248,-34.6459
15488.16619,-34.446
15848.93192,-34.246
16218.10097,-34.0461
16595.86907,-33.8462
16982.43652,-33.6463
17378.00829,-33.4464
17782.7941,-33.2465
18197.00859,-33.0466
18620.87137,-32.8467
19054.60718,-32.6468
19498.446,-32.4469
19952.62315,-32.247
20417.37945,-32.0471
20892.96131,-31.8472
21379.6209,-31.6474
21877.61624,-31.4475
22387.21139,-31.2477
22908.67653,-31.0478
23442.28815,-30.848
23988.32919,-30.6481
24547.08916,-30.4483
25118.86432,-30.2485
25703.95783,-30.0487
26302.67992,-29.8489
26915.34804,-29.6491
27542.28703,-29.4493
28183.82931,-29.2496
28840.31503,-29.0498
29512.09227,-28.8501
30199.5172,-28.6503
30902.95433,-28.4506
31622.7766,-28.2509
32359.36569,-28.0512
33113.11215,-27.8515
33884.41561,-27.6519
34673.68505,-27.4522
35481.33892,-27.2526
36307.80548,-27.053
37153.52291,-26.8534
38018.93963,-26.6538
38904.5145,-26.4542
39810.71706,-26.2547
40738.02778,-26.0552
41686.93835,-25.8557
42657.95188,-25.6562
43651.58322,-25.4568
44668.35922,-25.2574
45708.81896,-25.058
46773.51413,-24.8586
47863.00923,-24.6593
48977.88194,-24.46
50118.72336,-24.2607
51286.1384,-24.0615
52480.74602,-23.8623
53703.17964,-23.6631
54954.08739,-23.464
56234.13252,-23.2649
57543.99373,-23.0659
58884.36554,-22.8669
60255.95861,-22.668
61659.50019,-22.4691
63095.73445,-22.2702
64565.4229,-22.0714
66069.3448,-21.8727
67608.29754,-21.674
69183.09709,-21.4754
70794.57844,-21.2769
72443.59601,-21.0784
74131.02413,-20.88
75857.7575,-20.6817
77624.71166,-20.4834
79432.82347,-20.2853
81283.05162,-20.0872
83176.37711,-19.8892
85113.80382,-19.6913
87096.359,-19.4935
89125.09381,-19.2958
91201.08394,-19.0982
93325.43008,-18.9007
95499.2586,-18.7033
97723.7221,-18.5061
100000,-18.309
102329.2992,-18.112
104712.8548,-17.9152
107151.9305,-17.7185
109647.8196,-17.5219
112201.8454,-17.3255
114815.3621,-17.1293
117489.7555,-16.9333
120226.4435,-16.7374
123026.8771,-16.5418
125892.5412,-16.3463
128824.9552,-16.1511
131825.6739,-15.956
134896.2883,-15.7612
138038.4265,-15.5666
141253.7545,-15.3723
144543.9771,-15.1783
147910.8388,-14.9845
151356.1248,-14.791
154881.6619,-14.5977
158489.3192,-14.4048
162181.0097,-14.2123
165958.6907,-14.02
169824.3652,-13.8281
173780.0829,-13.6366
177827.941,-13.4454
181970.0859,-13.2547
186208.7137,-13.0643
190546.0718,-12.8744
194984.46,-12.685
199526.2315,-12.496
204173.7945,-12.3075
208929.6131,-12.1195
213796.209,-11.9321
218776.1624,-11.7452
223872.1139,-11.5588
229086.7653,-11.3731
234422.8815,-11.188
239883.2919,-11.0035
245470.8916,-10.8198
251188.6432,-10.6367
257039.5783,-10.4543
263026.7992,-10.2727
269153.4804,-10.0919
275422.8703,-9.91188
281838.2931,-9.73272
288403.1503,-9.55443
295120.9227,-9.37705
301995.172,-9.20061
309029.5433,-9.02514
316227.766,-8.85069
323593.6569,-8.67727
331131.1215,-8.50494
338844.1561,-8.33372
346736.8505,-8.16366
354813.3892,-7.99479
363078.0548,-7.82714
371535.2291,-7.66077
380189.3963,-7.4957
389045.145,-7.33198
398107.1706,-7.16965
407380.2778,-7.00875
416869.3835,-6.84932
426579.5188,-6.69139
436515.8322,-6.53502
446683.5922,-6.38024
457088.1896,-6.22709
467735.1413,-6.07561
478630.0923,-5.92584
489778.8194,-5.77783
501187.2336,-5.6316
512861.384,-5.48721
524807.4602,-5.34468
537031.7964,-5.20406
549540.8739,-5.06538
562341.3252,-4.92867
575439.9373,-4.79398
588843.6554,-4.66132
602559.5861,-4.53074
616595.0019,-4.40225
630957.3445,-4.2759
645654.229,-4.1517
660693.448,-4.02969
676082.9754,-3.90987
691830.9709,-3.79227
707945.7844,-3.67692
724435.9601,-3.56382
741310.2413,-3.45299
758577.575,-3.34444
776247.1166,-3.23818
794328.2347,-3.13422
812830.5162,-3.03256
831763.7711,-2.9332
851138.0382,-2.83614
870963.59,-2.74138
891250.9381,-2.64891
912010.8394,-2.55873
933254.3008,-2.47082
954992.586,-2.38518
977237.221,-2.30178
1000000,-2.22061
